0.9290966386554622
0.9156193895870736
0.9133403361344538
0.9138240574506283
0.914390756302521
0.8150807899461401
0.9301470588235294
0.8186714542190305
0.9128151260504201
0.9102333931777379
0.8970588235294118
0.9066427289048474
0.895483193277311
0.8132854578096947
0.9133403361344538
0.8132854578096947
0.8970588235294118
0.940754039497307
0.8802521008403361
0.9353680430879713
0.8813025210084033
0.8438061041292639
0.895483193277311
0.8438061041292639
0.8802521008403361
0.933572710951526
0.8629201680672269
0.9299820466786356
0.8660714285714286
0.8438061041292639
0.8792016806722689
0.8438061041292639
0.8634453781512605
0.8976660682226212
0.8482142857142857
0.8976660682226212
0.8497899159663865
0.8061041292639138
0.865546218487395
0.8078994614003591
0.8487394957983193
0.8976660682226212
0.8335084033613446
0.8922800718132855
0.8361344537815126
0.8061041292639138
0.8492647058823529
0.8043087971274686
0.8335084033613446
0.8635547576301615
0.8182773109243697
0.8617594254937163
0.8172268907563025
0.7737881508078994
0.8350840336134454
0.7755834829443446
0.819327731092437
0.8599640933572711
0.8025210084033614
0.8581687612208259
0.8040966386554622
0.7684021543985637
0.8198529411764706
0.7719928186714542
0.8146008403361344
0.6696588868940754
0.8140756302521008
0.63016157989228
0.8392857142857143
0.6229802513464991
0.8403361344537815
0.6696588868940754
0.8146008403361344
0.6283662477558348
0.8140756302521008
0.5709156193895871
0.8387605042016807
0.5709156193895871
0.8398109243697479
0.6175942549371634
0.8051470588235294
0.5745062836624776
0.8051470588235294
0.5278276481149012
0.8324579831932774
0.518850987432675
0.8303571428571429
0.5637342908438061
0.8051470588235294
0.5224416517055656
0.8067226890756303
0.466786355475763
0.8298319327731093
0.466786355475763
0.8298319327731093
0.5170556552962298
0.8135504201680672
0.4631956912028725
0.8140756302521008
0.42190305206463197
0.8392857142857143
0.4236983842010772
0.8403361344537815
0.4631956912028725
0.8135504201680672
0.4272890484739677
0.8140756302521008
0.36804308797127466
0.8387605042016807
0.36804308797127466
0.8382352941176471
0.41651705565529623
0.8224789915966386
0.36804308797127466
0.821953781512605
0.31956912028725315
0.8476890756302521
0.3231597845601436
0.8461134453781513
0.36804308797127466
0.8209033613445378
0.3213644524236984
0.8214285714285714
0.26750448833034113
0.8471638655462185
0.2710951526032316
0.8466386554621849
0.3141831238779174
0.9091386554621849
0.39138240574506283
0.9028361344537815
0.3393177737881508
0.9269957983193278
0.30341113105924594
0.9338235294117647
0.348294434470377
0.9164915966386554
0.43447037701974867
0.9096638655462185
0.39138240574506283
0.9343487394957983
0.35368043087971274
0.9401260504201681
0.39676840215439857
0.914390756302521
0.5008976660682226
0.9086134453781513
0.4524236983842011
0.9332983193277311
0.4129263913824057
0.9390756302521008
0.45601436265709155
0.9206932773109243
0.5457809694793537
0.9138655462184874
0.5026929982046678
0.9401260504201681
0.4631956912028725
0.9464285714285714
0.5044883303411131
0.9185924369747899
0.6068222621184919
0.9122899159663865
0.5529622980251346
0.9375
0.5206463195691203
0.9427521008403361
0.5673249551166966
0.9254201680672269
0.6588868940754039
0.9196428571428571
0.6050269299820467
0.9432773109243697
0.5709156193895871
0.9480042016806722
0.6086175942549371
0.9406512605042017
0.6929982046678635
0.9343487394957983
0.644524236983842
0.9574579831932774
0.5978456014362658
0.9632352941176471
0.6535008976660682
0.9464285714285714
0.7414721723518851
0.9401260504201681
0.6912028725314183
0.9648109243697479
0.651705565529623
0.9711134453781513
0.7019748653500898
0.6428571428571429
0.933572710951526
0.6286764705882353
0.8976660682226212
0.6423319327731093
0.8186714542190305
0.6559873949579832
0.8509874326750448
0.6286764705882353
0.9030520646319569
0.6165966386554622
0.8779174147217235
0.6292016806722689
0.7953321364452424
0.6412815126050421
0.8204667863554758
0.6118697478991597
0.895870736086176
0.5976890756302521
0.8707360861759426
0.6108193277310925
0.7863554757630161
0.6239495798319328
0.8150807899461401
0.5997899159663865
0.8725314183123878
0.5861344537815126
0.8509874326750448
0.5992647058823529
0.7648114901256733
0.6123949579831933
0.7935368043087971
0.5808823529411765
0.8689407540394973
0.5656512605042017
0.8366247755834829
0.5782563025210085
0.7612208258527827
0.5929621848739496
0.7899461400359067
0.5646008403361344
0.8384201077199281
0.5525210084033614
0.8132854578096947
0.5656512605042017
0.7414721723518851
0.5777310924369747
0.7612208258527827
0.5561974789915967
0.7809694793536804
0.5456932773109243
0.7612208258527827
0.5572478991596639
0.6804308797127468
0.5740546218487395
0.7109515260323159
0.5462184873949579
0.7576301615798923
0.5320378151260504
0.7324955116696589
0.5451680672268907
0.6535008976660682
0.5582983193277311
0.6804308797127468
0.5262605042016807
0.5511669658886894
0.5262605042016807
0.5098743267504489
0.553046218487395
0.5080789946140036
0.553046218487395
0.5529622980251346
0.5246848739495799
0.5044883303411131
0.5246848739495799
0.4524236983842011
0.5535714285714286
0.4542190305206463
0.5519957983193278
0.5026929982046678
0.5357142857142857
0.4506283662477558
0.5351890756302521
0.40394973070017953
0.5619747899159664
0.400359066427289
0.5625
0.4524236983842011
0.5351890756302521
0.4021543985637343
0.5346638655462185
0.3464991023339318
0.5609243697478992
0.34111310592459604
0.5614495798319328
0.400359066427289
0.5246848739495799
0.34470377019748655
0.5246848739495799
0.2980251346499102
0.5509453781512605
0.2980251346499102
0.5504201680672269
0.3375224416517056
0.5246848739495799
0.296229802513465
0.5246848739495799
0.23518850987432674
0.5498949579831933
0.2333931777378815
0.5493697478991597
0.2926391382405745
0.5745798319327731
0.1490125673249551
0.5766806722689075
0.05745062836624776
0.5913865546218487
0.059245960502693
0.5892857142857143
0.15080789946140036
0.5892857142857143
0.1526032315978456
0.5919117647058824
0.06642728904847396
0.6092436974789915
0.06642728904847396
0.6050420168067226
0.15080789946140036
0.6066176470588235
0.1813285457809695
0.6081932773109243
0.09515260323159784
0.6234243697478992
0.09874326750448834
0.6213235294117647
0.18850987432675045
0.6213235294117647
0.19030520646319568
0.6239495798319328
0.09874326750448834
0.6381302521008403
0.10053859964093358
0.6349789915966386
0.19210053859964094
0.6355042016806722
0.22262118491921004
0.6376050420168067
0.13644524236983843
0.6523109243697479
0.13644524236983843
0.6507352941176471
0.22621184919210055
0.6512605042016807
0.2244165170556553
0.6528361344537815
0.13824057450628366
0.6701680672268907
0.13824057450628366
0.6696428571428571
0.21903052064631956
0.6512605042016807
0.34470377019748655
0.6748949579831933
0.3500897666068223
0.6743697478991597
0.39138240574506283
0.6502100840336135
0.39317773788150806
0.6502100840336135
0.39497307001795334
0.6759453781512605
0.39497307001795334
0.6738445378151261
0.44165170556552963
0.6507352941176471
0.4362657091561939
0.6412815126050421
0.44165170556552963
0.6654411764705882
0.44344703770197486
0.6649159663865546
0.49012567324955114
0.6402310924369747
0.4919210053859964
0.6407563025210085
0.49371633752244165
0.6654411764705882
0.49730700179533216
0.664390756302521
0.5421903052064632
0.6402310924369747
0.5493716337522442
0.6491596638655462
0.5493716337522442
0.6738445378151261
0.5493716337522442
0.6733193277310925
0.5978456014362658
0.6491596638655462
0.6068222621184919
0.6491596638655462
0.6068222621184919
0.6733193277310925
0.6068222621184919
0.6727941176470589
0.6499102333931778
0.6475840336134454
0.644524236983842
0.4185924369747899
0.7935368043087971
0.40913865546218486
0.7127468581687613
0.4227941176470588
0.6894075403949731
0.4332983193277311
0.7666068222621185
0.4059873949579832
0.8096947935368043
0.3944327731092437
0.7360861759425493
0.40913865546218486
0.7127468581687613
0.4185924369747899
0.7863554757630161
0.4101890756302521
0.8402154398563735
0.3944327731092437
0.8599640933572711
0.3849789915966387
0.7863554757630161
0.39705882352941174
0.7684021543985637
0.3954831932773109
0.8617594254937163
0.38182773109243695
0.8833034111310593
0.37184873949579833
0.8150807899461401
0.3849789915966387
0.7881508078994613
0.36764705882352944
0.7791741472172352
0.37762605042016806
0.8617594254937163
0.3639705882352941
0.8850987432675045
0.3550420168067227
0.800718132854578
0.3550420168067227
0.800718132854578
0.3644957983193277
0.874326750448833
0.35136554621848737
0.895870736086176
0.34191176470588236
0.822262118491921
0.33771008403361347
0.800718132854578
0.34663865546218486
0.874326750448833
0.3335084033613445
0.9012567324955116
0.3240546218487395
0.8240574506283662
0.3240546218487395
0.8240574506283662
0.33508403361344535
0.8976660682226212
0.32195378151260506
0.9210053859964094
0.31039915966386555
0.8456014362657092
0.31985294117647056
0.7055655296229802
0.2935924369747899
0.7001795332136446
0.2930672268907563
0.6481149012567325
0.31932773109243695
0.651705565529623
0.31985294117647056
0.651705565529623
0.2920168067226891
0.6481149012567325
0.2930672268907563
0.5978456014362658
0.32037815126050423
0.6104129263913824
0.3277310924369748
0.6014362657091562
0.3025210084033613
0.5942549371633752
0.30409663865546216
0.5421903052064632
0.3293067226890756
0.547576301615799
0.3293067226890756
0.547576301615799
0.30304621848739494
0.5457809694793537
0.30357142857142855
0.4955116696588869
0.328781512605042
0.49371633752244165
0.31985294117647056
0.49012567324955114
0.29411764705882354
0.49371633752244165
0.2935924369747899
0.4398563734290844
0.32090336134453784
0.44165170556552963
0.32090336134453784
0.4398563734290844
0.29411764705882354
0.4398563734290844
0.2935924369747899
0.3877917414721723
0.32090336134453784
0.3877917414721723
0.2851890756302521
0.28186714542190305
0.2851890756302521
0.20287253141831238
0.29989495798319327
0.20287253141831238
0.29989495798319327
0.2836624775583483
0.29989495798319327
0.2836624775583483
0.29989495798319327
0.20466786355475763
0.31460084033613445
0.20646319569120286
0.31512605042016806
0.2764811490125673
0.31565126050420167
0.25673249551166966
0.31512605042016806
0.1651705565529623
0.328781512605042
0.1687612208258528
0.328781512605042
0.25493716337522443
0.328781512605042
0.25493716337522443
0.3282563025210084
0.17235188509874327
0.34191176470588236
0.17055655296229802
0.3434873949579832
0.25673249551166966
0.3434873949579832
0.22800718132854578
0.3434873949579832
0.1436265709156194
0.3560924369747899
0.1436265709156194
0.35766806722689076
0.22800718132854578
0.35766806722689076
0.22800718132854578
0.35714285714285715
0.1436265709156194
0.37289915966386555
0.1436265709156194
0.37342436974789917
0.22621184919210055
0.4117647058823529
0.23159784560143626
0.43960084033613445
0.24416517055655296
0.43960084033613445
0.2872531418312388
0.4112394957983193
0.29084380610412924
0.4112394957983193
0.29084380610412924
0.43907563025210083
0.2926391382405745
0.4380252100840336
0.3393177737881508
0.4117647058823529
0.3375224416517056
0.40336134453781514
0.3375224416517056
0.42909663865546216
0.34111310592459604
0.42909663865546216
0.39138240574506283
0.4028361344537815
0.39497307001795334
0.4028361344537815
0.39497307001795334
0.43014705882352944
0.39676840215439857
0.43014705882352944
0.44344703770197486
0.40441176470588236
0.4506283662477558
0.41334033613445376
0.4524236983842011
0.4380252100840336
0.44703770197486536
0.44012605042016806
0.4955116696588869
0.41334033613445376
0.5008976660682226
0.41334033613445376
0.5008976660682226
0.44012605042016806
0.5008976660682226
0.43960084033613445
0.5547576301615799
0.41386554621848737
0.5547576301615799
0.18434873949579833
0.8868940754039497
0.16911764705882354
0.8904847396768402
0.16754201680672268
0.8061041292639138
0.18277310924369747
0.7917414721723519
0.16649159663865545
0.7989228007181328
0.16806722689075632
0.8868940754039497
0.15283613445378152
0.8850987432675045
0.15178571428571427
0.7971274685816876
0.15178571428571427
0.8258527827648114
0.15336134453781514
0.9102333931777379
0.13970588235294118
0.9156193895870736
0.13865546218487396
0.8276481149012568
0.13760504201680673
0.8276481149012568
0.13865546218487396
0.9138240574506283
0.125
0.9156193895870736
0.12289915966386554
0.8258527827648114
0.12289915966386554
0.8581687612208259
0.12447478991596639
0.947935368043088
0.1092436974789916
0.9497307001795332
0.10714285714285714
0.8653500897666068
0.10714285714285714
0.8653500897666068
0.10819327731092437
0.9515260323159784
0.09191176470588236
0.9461400359066428
0.09453781512605042
0.8689407540394973
0.09243697478991597
0.8312387791741472
0.09296218487394958
0.9156193895870736
0.0782563025210084
0.9210053859964094
0.07720588235294118
0.8366247755834829
0.07720588235294118
0.8312387791741472
0.07773109243697479
0.9228007181328546
0.0625
0.9210053859964094
0.06144957983193277
0.8348294434470377
0.03466386554621849
0.7055655296229802
0.014180672268907563
0.6768402154398564
0.017857142857142856
0.6319569120287253
0.03991596638655462
0.6570915619389587
0.03991596638655462
0.6570915619389587
0.017857142857142856
0.6319569120287253
0.023109243697478993
0.5798922800718133
0.043592436974789914
0.6157989228007181
0.052521008403361345
0.6283662477558348
0.031512605042016806
0.5960502692998204
0.03466386554621849
0.5547576301615799
0.05724789915966386
0.5834829443447038
0.05724789915966386
0.585278276481149
0.03571428571428571
0.5547576301615799
0.04096638655462185
0.5098743267504489
0.06144957983193277
0.533213644524237
0.05514705882352941
0.5206463195691203
0.032563025210084036
0.49730700179533216
0.037289915966386554
0.4542190305206463
0.059873949579831935
0.4865350089766607
0.059873949579831935
0.4865350089766607
0.03623949579831933
0.4542190305206463
0.04149159663865546
0.40933572710951527
0.06460084033613446
0.44165170556552963
0.05777310924369748
0.4254937163375224
0.03571428571428571
0.40394973070017953
0.04096638655462185
0.362657091561939
0.06302521008403361
0.3877917414721723
0.06302521008403361
0.3877917414721723
0.04044117647058824
0.3608617594254937
0.04569327731092437
0.3123877917414722
0.0661764705882353
0.3393177737881508
0.1407563025210084
0.3087971274685817
0.16491596638655462
0.3141831238779174
0.1638655462184874
0.3590664272890485
0.1407563025210084
0.3518850987432675
0.1407563025210084
0.3518850987432675
0.16281512605042017
0.35727109515260325
0.16176470588235295
0.40574506283662476
0.13970588235294118
0.40574506283662476
0.14705882352941177
0.40933572710951527
0.16859243697478993
0.4129263913824057
0.16859243697478993
0.4524236983842011
0.14600840336134455
0.4488330341113106
0.14600840336134455
0.4488330341113106
0.16964285714285715
0.45601436265709155
0.16806722689075632
0.4991023339317774
0.15388655462184875
0.5026929982046678
0.15231092436974789
0.5026929982046678
0.17699579831932774
0.5026929982046678
0.17594537815126052
0.5511669658886894
0.15178571428571427
0.5493716337522442
0.15178571428571427
0.5493716337522442
0.17594537815126052
0.5529622980251346
0.17542016806722688
0.6014362657091562
0.15126050420168066
0.5906642728904847
0.14233193277310924
0.59245960502693
0.16701680672268907
0.5978456014362658
0.16544117647058823
0.6427289048473968
0.14128151260504201
0.6409335727109515
0.14128151260504201
0.6409335727109515
0.16649159663865545
0.6463195691202872
0.16596638655462184
0.7001795332136446
0.14128151260504201
0.6894075403949731
